23
       1       1 14.285
       1      13 1.428
       1       9 1.428
       1      21 1.428
       1      18 1.428
       1      10 1.428
       1      14 1.428
       1      11 1.428
       1      15 1.428
       1       3 .814
       1       7 1.428
       1       2 7.142
       1       4 1.428
       2       2 4.257
       2      18 .285
       2      14 .714
       2      21 .428
       2      15 1.142
       2      11 .714
       2      13 .428
       2       7 1.142
       2       9 1.142
       2       3 .351
       2      10 .428
       2       4 .714
       3       3 .058
       3      14 .128
       3      10 .071
       3      18 .128
       3      21 .071
       3      11 .128
       3      13 .071
       3      15 .028
       3       9 .028
       3       7 .028
       3       4 .128
       4       4 9.761
       4      14 -3.333
       4       7 1.666
       4       9 -3.333
       4       6 1.666
       4       8 1.666
       4      10 -3.333
       5       5 5.000
       5       7 1.666
       5      11 -3.333
       6       6 5.000
       6      10 -3.333
       7       7 9.761
       7      17 -3.333
       7      14 -3.333
       7      13 1.666
       7      11 -3.333
       8       8 5.000
       8       9 -3.333
       9       9 14.206
       9      16 -3.333
       9      15 -3.333
       9      13 -3.333
       9      11 3.333
       9      12 -.555
      10      10 8.095
      11      11 13.095
      11      20 -3.333
      11      13 -1.666
      11      15 -3.333
      12      12 9.444
      12      23 -3.333
      12      19 -3.333
      12      15 1.666
      12      20 1.666
      12      16 -3.333
      13      13 11.428
      13      20 -3.333
      13      17 -3.333
      14      14 8.095
      15      15 14.761
      15      22 -3.333
      15      21 -3.333
      15      19 -1.666
      15      16 3.333
      15      18 -3.333
      16      16 10.000
      16      22 -3.333
      16      18 -3.333
      17      17 6.666
      18      18 8.095
      19      19 8.333
      19      21 -3.333
      20      20 8.333
      20      23 -3.333
      21      21 8.095
      22      22 6.666
      23      23 6.666
